159901
159902
159903
159905
159906
159907
159908
159909
159910
159911
159912
159913
159915
159916
159917
159918
159919
159920
159921
159922
159923
159924
159925
159927
159928
159929
159930
159931
159932
159933
159935
159936
159937
159938
159939
159940
159942
159943
159944
159945
159946
510010
510020
510030
510050
510060
510070
510090
510110
510120
510130
510150
510160
510170
510180
510190
510210
510220
510230
510260
510270
510280
510290
510300
510310
510330
510360
510410
510420
510430
510440
510450
510500
510510
510520
510560
510580
510610
510620
510630
510650
510660
510680
510700
510710
510880
510900
511010
511210
512010
512110
512120
512230
512300
512500
512510
512600
512610
512640
513600
513660
518880
513500