399001
399002
399003
399004
399005
399006
399007
399008
399009
399010
399011
399012
399013
399015
399100
399101
399102
399103
399106
399107
399108
399110
399120
399130
399131
399132
399133
399134
399135
399136
399137
399138
399139
399140
399150
399160
399170
399180
399190
399200
399210
399220
399230
399231
399232
399233
399234
399235
399236
399237
399238
399239
399240
399241
399242
399243
399244
399248
399249
399298
399299
399300
399301
399302
399303
399305
399306
399307
399310
399311
399312
399313
399314
399315
399316
399317
399318
399319
399320
399321
399322
399323
399324
399325
399326
399327
399328
399329
399330
399331
399332
399333
399334
399335
399336
399337
399338
399339
399340
399341
399344
399345
399346
399347
399348
399350
399351
399352
399353
399355
399356
399357
399358
399359
399360
399361
399362
399363
399364
399365
399366
399367
399368
399369
399370
399371
399372
399373
399374
399375
399376
399377
399378
399379
399380
399381
399382
399383
399384
399385
399386
399387
399388
399389
399390
399391
399392
399393
399394
399395
399396
399397
399398
399399
399400
399401
399402
399403
399404
399405
399406
399407
399408
399409
399410
399411
399412
399413
399415
399416
399417
399418
399419
399420
399423
399427
399428
399429
399431
399432
399433
399434
399435
399436
399437
399438
399439
399440
399441
399481
399550
399551
399552
399553
399554
399555
399556
399557
399601
399602
399603
399604
399605
399606
399607
399608
399609
399610
399611
399612
399613
399614
399615
399616
399617
399618
399619
399620
399621
399622
399623
399624
399625
399626
399627
399628
399629
399630
399631
399632
399633
399634
399635
399636
399637
399638
399639
399640
399641
399642
399643
399644
399645
399646
399647
399648
399649
399650
399651
399652
399653
399654
399655
399656
399657
399658
399659
399660
399661
399662
399663
399664
399665
399666
399667
399668
399669
399670
399671
399672
399673
399674
399675
399676
399677
399678
399679
399680
399681
399682
399683
399684
399685
399686
399687
399688
399689
399701
399702
399703
399704
399705
399706
399707
399802
399803
399804
399805
399806
399807
399808
399809
399810
399811
399812
399813
399814
399817
399901
399902
399903
399904
399905
399906
399907
399908
399909
399910
399911
399912
399913
399914
399915
399916
399917
399918
399919
399920
399921
399922
399923
399924
399925
399926
399927
399928
399929
399930
399931
399932
399933
399934
399935
399936
399937
399938
399939
399940
399941
399942
399943
399944
399945
399946
399947
399948
399949
399950
399951
399952
399953
399954
399955
399956
399957
399958
399959
399960
399961
399962
399963
399964
399965
399966
399967
399968
399969
399970
399971
399972
399973
399974
399975
399976
399977
399978
399979
399980
399981
399982
399983
399984
399985
399986
399987
399989
399990
399991
399992
399993
399994
399995
399996
399997
399998