160105
160106
160119
160123
160124
160125
160132
160133
160134
160211
160212
160215
160220
160311
160314
160415
160505
160512
160513
160514
160515
160607
160610
160611
160613
160615
160616
160617
160618
160706
160716
160717
160720
160721
160805
160806
160807
160810
160812
160813
160910
160915
160916
160918
160919
161005
161010
161015
161017
161115
161119
161120
161210
161213
161216
161217
161219
161224
161226
161227
161505
161506
161607
161610
161614
161706
161714
161716
161722
161810
161813
161820
161821
161822
161831
161903
161907
161908
162006
162105
162108
162207
162307
162308
162414
162510
162511
162605
162607
162703
162711
162712
162715
162716
163001
163110
163302
163402
163407
163409
163412
163415
163503
163801
163819
163821
163824
164105
164208
164606
164705
164808
164902
164906
165309
165311
165313
165314
165508
165509
165510
165512
165513
165516
165517
165705
165806
166001
166006
166007
166008
166009
166011
166012
166105
166401
167501
167901
501000