159901
159902
159903
159905
159906
159907
159908
159909
159910
159911
159912
159913
159915
159916
159917
159918
159919
159920
159921
159922
159923
159924
159925
159927
159928
159929
159930
159931
159932
159933
159935
159936
159938
159939
159940
159942
159943
159944
159945
159946
510010
510020
510030
510050
510060
510070
510090
510110
510120
510130
510150
510160
510170
510180
510190
510210
510220
510230
510260
510270
510280
510290
510300
510310
510330
510360
510410
510420
510430
510440
510450
510500
510510
510520
510560
510580
510610
510620
510630
510650
510660
510680
510700
510710
510880
510900
511010
511210
512010
512110
512120
512230
512300
512500
512510
512600
512610
512640
513600
513660
160105
160106
160119
160123
160124
160125
160132
160133
160134
160211
160212
160215
160220
160311
160314
160415
160505
160512
160513
160514
160515
160607
160610
160611
160613
160615
160616
160617
160618
160706
160716
160717
160720
160721
160805
160806
160807
160810
160812
160813
160910
160915
160916
160918
160919
161005
161010
161015
161017
161115
161119
161120
161210
161213
161216
161217
161219
161224
161226
161227
161505
161506
161607
161610
161614
161706
161714
161716
161722
161810
161813
161820
161821
161822
161831
161903
161907
161908
162006
162105
162108
162207
162307
162308
162414
162510
162511
162605
162607
162703
162711
162712
162715
162716
163001
163110
163302
163402
163407
163409
163412
163415
163503
163801
163819
163821
163824
164105
164208
164606
164705
164808
164902
164906
165309
165311
165313
165314
165508
165508
165509
165510
165512
165513
165516
165517
165705
165806
166001
166006
166007
166008
166009
166011
166012
166105
166401
167501
167901
501000